name: almufarigh
channels:
  - conda-forge
  - defaults
dependencies:
  - bzip2=1.0.8=h8ffe710_4
  - ca-certificates=2022.12.7=h5b45459_0
  - gettext=0.21.1=h5728263_0
  - glib=2.76.2=h12be248_0
  - glib-tools=2.76.2=h12be248_0
  - gst-plugins-base=1.22.0=h001b923_2
  - gstreamer=1.22.0=h6b5321d_2
  - icu=72.1=h63175ca_0
  - krb5=1.20.1=heb0366b_0
  - libclang=16.0.2=default_h8b4101f_0
  - libclang13=16.0.2=default_h45d3cf4_0
  - libexpat=2.5.0=h63175ca_1
  - libffi=3.4.2=h8ffe710_5
  - libglib=2.76.2=he8f3873_0
  - libiconv=1.17=h8ffe710_0
  - libjpeg-turbo=2.1.5.1=hcfcfb64_0
  - libogg=1.3.4=h8ffe710_1
  - libpng=1.6.39=h19919ed_0
  - libsqlite=3.40.0=hcfcfb64_1
  - libvorbis=1.3.7=h0e60522_0
  - libxml2=2.10.4=hc3477c8_0
  - libxslt=1.1.37=h0192164_0
  - libzlib=1.2.13=hcfcfb64_4
  - openssl=3.1.0=hcfcfb64_2
  - pcre2=10.40=h17e33f8_0
  - pip=23.1.2=pyhd8ed1ab_0
  - pyside2=5.15.8=py311h2411a93_2
  - python=3.11.3=h2628c8c_0_cpython
  - python_abi=3.11=3_cp311
  - qt-main=5.15.8=h7f2b912_9
  - setuptools=67.7.2=pyhd8ed1ab_0
  - tk=8.6.12=h8ffe710_0
  - tzdata=2023c=h71feb2d_0
  - ucrt=10.0.22621.0=h57928b3_0
  - vc=14.3=h3d8a991_11
  - vs2015_runtime=14.34.31931=h4c5c07a_11
  - wheel=0.40.0=pyhd8ed1ab_0
  - xz=5.2.6=h8d14728_0
  - zstd=1.5.2=h12be248_6
prefix: C:\Users\Dabor\miniconda3\envs\almufarigh
